WangChung
EverybodyHaveFunTonight
7865861 86
2950917 86
3606277 86
4261637 86
4916997 86
5572357 86
6227717 86
6555397 86
6883077 86
2689029 86
3344389 86
3999749 86
4655109 86
5900293 86
7538693 86
8195333 86
5181189 86
7278341 86
2627333 86
2955013 86
3282693 86
3610373 86
3938053 86
4593413 86
6559493 86
6952709 86
7210501 96
2950917 96
3606277 96
4261637 96
4916997 96
5572357 96
5900037 96
6227717 96
2689029 96
3344389 96
3999749 96
5244933 96
6883333 96
7539973 96
4525829 96
6622981 96
2627333 96
2955013 96
3282693 96
3938053 96
5904133 96
6297349 96
6555141 106
2950917 106
3606277 106
4261637 106
4916997 106
5244677 106
5572357 106
2689029 106
3344389 106
4589573 106
6227973 106
6884613 106
3870469 106
5967621 106
2627333 106
3282693 106
5248773 106
5641989 106
3278086 36
3933446 36
4588806 36
2360838 36
2622982 36
2950662 36
3606022 36
4916742 36
4261638 36
5572358 36
6227718 36
6883078 36
7538438 36
8193798 36
8849158 36
5965830 36
6621190 36
7276550 36
7931910 36
3936006 36
8457990 36
3281926 36
5314054 36
5576454 36
5904134 36
6231814 36
6559494 36
6887174 36
7214854 36
7870214 36
2884870 52
3540230 52
2557446 52
3868166 52
3213062 52
4523782 52
5179142 52
5834502 52
6489862 52
7145222 52
7800582 52
8455942 52
8783622 52
4917254 52
5572614 52
6227974 52
6883334 52
8128518 52
2887430 52
7409414 52
4265478 52
4527878 52
4855558 52
5183238 52
5510918 52
5838598 52
6166278 52
6821638 52
8787718 52
2622726 66
2950662 66
3606278 66
4261638 66
4916998 66
5572358 66
6227718 66
6883078 66
7538438 66
7866118 66
8193798 66
3999750 66
4655110 66
5310470 66
5965830 66
7211014 66
8849414 66
6491910 66
8589062 66
3347974 66
3610374 66
3938054 66
4265734 66
4593414 66
4921094 66
5248774 66
5904134 66
7870214 66
8263430 66
2557446 72
8783366 72
3213062 72
3868422 72
4523782 72
5179142 72
5834502 72
6489862 72
7145222 72
7472902 72
7800582 72
3606534 72
4261894 72
4917254 72
5572614 72
6817798 72
8456198 72
6098694 72
8195846 72
2954758 72
3217158 72
3544838 72
3872518 72
4200198 72
4527878 72
4855558 72
5510918 72
7476998 72
7870214 72
8521222 76
2950918 76
3606278 76
4261638 76
4916998 76
5572358 76
6227718 76
6883078 76
7210758 76
7538438 76
3344390 76
3999750 76
4655110 76
5310470 76
6555654 76
8194054 76
8850694 76
5836550 76
7933702 76
2692614 76
2955014 76
3282694 76
3610374 76
3938054 76
4265734 76
4593414 76
5248774 76
7214854 76
7608070 76
8193542 81
2623238 81
3278598 81
3933958 81
4589318 81
5244678 81
5900038 81
6555398 81
6883078 81
7210758 81
3016710 81
3672070 81
4327430 81
4982790 81
6227974 81
7866374 81
8523014 81
5508870 81
7606022 81
2364934 81
2627334 81
2955014 81
3282694 81
3610374 81
3938054 81
4265734 81
4921094 81
6887174 81
7280390 81
7538182 91
2623238 91
3278598 91
3933958 91
4589318 91
5244678 91
5900038 91
6227718 91
6555398 91
2361350 91
3016710 91
3672070 91
4327430 91
5572614 91
7211014 91
7867654 91
4853510 91
6950662 91
2627334 91
2955014 91
3282694 91
3610374 91
4265734 91
6231814 91
6625030 91
6227462 111
2623238 111
3278598 111
3933958 111
4589318 111
4916998 111
5244678 111
2361350 111
3016710 111
4261894 111
5900294 111
6556934 111
3542790 111
5639942 111
2955014 111
4921094 111
5314310 111
5571847 1
6227207 1
6882567 1
3343879 1
4261383 1
4654599 1
4916743 1
5244423 1
5899783 1
7210503 1
2950919 1
3933959 1
6555399 1
7866119 1
8521479 1
8259591 1
8914951 1
6229767 1
3609351 1
3216391 1
5575687 1
7607815 1
7870215 1
8197895 1
8525575 1
8853255 1
4916487 11
5571847 11
6227207 11
2688519 11
3606023 11
3999239 11
4261383 11
4589063 11
5244423 11
6555143 11
3278599 11
5900039 11
7210759 11
7866119 11
8521479 11
7604231 11
8259591 11
8914951 11
5574407 11
2953991 11
2561031 11
4920327 11
6952455 11
7214855 11
7542535 11
7870215 11
8197895 11
8525575 11
8853255 11
4261127 21
4916487 21
5571847 21
2950663 21
3343879 21
3606023 21
3933703 21
4589063 21
5899783 21
2623239 21
5244679 21
6555399 21
7210759 21
7866119 21
8521479 21
6948871 21
7604231 21
8259591 21
8914951 21
4919047 21
4264967 21
6297095 21
6559495 21
6887175 21
7214855 21
7542535 21
7870215 21
8197895 21
8853255 21
3605767 31
4261127 31
4916487 31
2688519 31
2950663 31
3278343 31
3933703 31
5244423 31
4589319 31
5900039 31
6555399 31
7210759 31
7866119 31
8521479 31
6293511 31
6948871 31
7604231 31
8259591 31
4263687 31
8785671 31
3609607 31
5641735 31
5904135 31
6231815 31
6559495 31
6887175 31
7214855 31
7542535 31
8197895 31
2622727 46
3278087 46
3933447 46
2950663 46
4261383 46
3606279 46
4916999 46
5572359 46
6227719 46
6883079 46
7538439 46
8193799 46
8849159 46
5310471 46
5965831 46
6621191 46
7276551 46
8521735 46
3280647 46
7802631 46
2626567 46
4658695 46
4921095 46
5248775 46
5576455 46
5904135 46
6231815 46
6559495 46
7214855 46
2950407 61
3278343 61
2623239 61
3933959 61
4589319 61
5244679 61
5900039 61
6555399 61
7210759 61
7866119 61
8193799 61
8521479 61
4327431 61
4982791 61
5638151 61
6293511 61
7538695 61
6819591 61
8916743 61
3675655 61
3938055 61
4265735 61
4593415 61
4921095 61
5248775 61
5576455 61
6231815 61
8197895 61
8591111 61
6882823 101
2623239 101
3278599 101
3933959 101
4589319 101
5244679 101
5572359 101
5900039 101
2361351 101
3016711 101
3672071 101
4917255 101
6555655 101
7212295 101
4198151 101
6295303 101
2627335 101
2955015 101
3610375 101
5576455 101
5969671 101
5572103 121
2623239 121
3278599 121
3933959 121
4261639 121
4589319 121
2361351 121
3606535 121
5244935 121
5901575 121
2887431 121
4984583 121
4265735 121
4658951 121
4916743 131
2623239 131
3278599 131
3606279 131
3933959 131
2951175 131
4589575 131
5246215 131
4329223 131
3610375 131
4003591 131
4261383 141
2623239 141
2950919 141
3278599 141
3934215 141
4590855 141
3673863 141
2955015 141
3348231 141
3606023 151
2623239 151
3278855 151
3935495 151
3018503 151
2692871 151
2950663 161
2623495 161
3280135 161
2363143 161
2624775 171
4588808 16
5244168 16
5899528 16
2360840 16
3278344 16
3671560 16
3933704 16
4261384 16
4916744 16
6227464 16
2950920 16
5572360 16
6883080 16
7538440 16
8193800 16
8849160 16
7276552 16
7931912 16
8587272 16
5246728 16
2626312 16
4592648 16
6624776 16
6887176 16
7214856 16
7542536 16
7870216 16
8197896 16
8525576 16
5178888 127
2885384 127
3540744 127
3868424 127
4196104 127
3213320 127
4851720 127
5508360 127
2494216 127
4591368 127
3872520 127
4265736 127
4523528 137
2885384 137
3213064 137
3540744 137
2557960 137
4196360 137
4853000 137
3936008 137
3217160 137
3610376 137
3868168 147
2557704 147
2885384 147
3541000 147
4197640 147
3280648 147
2561800 147
2955016 147
3212808 157
2885640 157
3542280 157
2625288 157
7210511 96
2950927 96
3606287 96
4261647 96
4917007 96
5572367 96
5900047 96
6227727 96
2689039 96
3344399 96
3999759 96
5244943 96
6883343 96
7539983 96
4525839 96
6622991 96
2627343 96
2955023 96
3282703 96
3938063 96
5904143 96
6297359 96
6823439 96
5250831 96
7545871 96
2688527 165
2361359 165
3017999 165
3023887 165
2622739 56
3278099 56
3606035 56
2950931 56
4261651 56
4917011 56
5572371 56
6227731 56
6883091 56
7538451 56
8193811 56
8521491 56
8849171 56
4655123 56
5310483 56
5965843 56
6621203 56
7866387 56
2625299 56
7147283 56
4003347 56
4265747 56
4593427 56
4921107 56
5248787 56
5576467 56
5904147 56
6559507 56
8525587 56
8918803 56
3546643 56
3284755 56
7872275 56
2629907 56
5252627 56
5580307 56
4597523 56
2360596 50
3015956 50
3671316 50
2688532 50
3999252 50
3344148 50
4654868 50
5310228 50
5965588 50
6620948 50
7276308 50
7931668 50
8587028 50
8914708 50
5048340 50
5703700 50
6359060 50
7014420 50
8259604 50
3018516 50
7540500 50
2364436 50
4396564 50
4658964 50
4986644 50
5314324 50
5642004 50
5969684 50
6297364 50
6952724 50
8918804 50
3939860 50
3677972 50
8265492 50
2695188 50
3023124 50
5645844 50
5973524 50
4990740 50
6301972 50
7874836 50
7865876 86
2950932 86
3606292 86
4261652 86
4917012 86
5572372 86
6227732 86
6555412 86
6883092 86
2689044 86
3344404 86
3999764 86
4655124 86
5900308 86
7538708 86
8195348 86
5181204 86
7278356 86
2627348 86
2955028 86
3282708 86
3610388 86
3938068 86
4593428 86
6559508 86
6952724 86
7478804 86
5906196 86
8201236 86
3286548 86
3614228 86
7218708 86
2631444 86
7546644 86
3942676 86
5515540 86
5834262 117
2885398 117
3540758 117
4196118 117
4523798 117
4851478 117
2623510 117
3868694 117
5507094 117
6163734 117
3149590 117
5246742 117
2561814 117
4527894 117
4921110 117
5447190 117
3874582 117
6169622 117
5187094 117
5515030 117
3483926 117
5637399 0
6292759 0
6948119 0
2360855 0
3409431 0
4326935 0
4720151 0
4982295 0
5309975 0
5965335 0
7276055 0
3016471 0
3999511 0
6620951 0
7931671 0
8587031 0
8325143 0
6295319 0
3674903 0
3281943 0
5641239 0
7673367 0
7935767 0
8263447 0
8591127 0
8918807 0
7216663 0
6954775 0
4399127 0
5971991 0
6299927 0
3286039 0
5252375 0
8922647 0
4925207 0
8267543 0
2632727 0
8662039 0
5244183 6
5899543 6
6554903 6
3016215 6
3933719 6
4326935 6
4589079 6
4916759 6
5572119 6
6882839 6
2623255 6
3606295 6
6227735 6
7538455 6
8193815 6
8849175 6
7931927 6
8587287 6
5902103 6
3281687 6
2888727 6
5248023 6
7280151 6
7542551 6
7870231 6
8197911 6
8525591 6
8853271 6
6823447 6
6561559 6
4005911 6
5578775 6
5906711 6
2892823 6
4859159 6
8529431 6
8857111 6
4531991 6
7874327 6
8268823 6
3933463 26
4588823 26
5244183 26
2622999 26
3016215 26
3278359 26
3606039 26
4261399 26
5572119 26
4917015 26
6227735 26
6883095 26
7538455 26
8193815 26
8849175 26
6621207 26
7276567 26
7931927 26
8587287 26
4591383 26
3937303 26
5969431 26
6231831 26
6559511 26
6887191 26
7214871 26
7542551 26
7870231 26
8525591 26
5512727 26
5250839 26
2695191 26
4268055 26
4595991 26
3548439 26
7218711 26
7546391 26
3221271 26
6563607 26
7874839 26
6958103 26
3671319 30
4326679 30
4982039 30
2360855 30
2754071 30
3016215 30
3343895 30
3999255 30
5309975 30
4654871 30
5965591 30
6620951 30
7276311 30
7931671 30
8587031 30
6359063 30
7014423 30
7669783 30
8325143 30
4329239 30
8851223 30
3675159 30
5707287 30
5969687 30
6297367 30
6625047 30
6952727 30
7280407 30
7608087 30
8263447 30
5250583 30
4988695 30
2433047 30
4005911 30
4333847 30
3286295 30
6956567 30
7284247 30
2959127 30
6301463 30
7612695 30
6695959 30
5572119 121
2623255 121
3278615 121
3933975 121
4261655 121
4589335 121
2361367 121
3606551 121
5244951 121
5901591 121
2887447 121
4984599 121
4265751 121
4658967 121
5185047 121
3612439 121
5907479 121
4924951 121
5252887 121
3221783 121
5244439 126
2950935 126
3606295 126
3933975 126
4261655 126
3278871 126
4917271 126
5573911 126
2559767 126
4656919 126
3938071 126
4331287 126
4857367 126
3284759 126
5579799 126
4597271 126
4925207 126
2894103 126
4916759 131
2623255 131
3278615 131
3606295 131
3933975 131
2951191 131
4589591 131
5246231 131
4329239 131
3610391 131
4003607 131
4529687 131
2957079 131
5252119 131
4269591 131
4597527 131
2566423 131
4589079 136
2950935 136
3278615 136
3606295 136
2623511 136
4261911 136
4918551 136
4001559 136
3282711 136
3675927 136
4202007 136
2629399 136
4924439 136
3941911 136
4269847 136
4261399 141
2623255 141
2950935 141
3278615 141
3934231 141
4590871 141
3673879 141
2955031 141
3348247 141
3874327 141
4596759 141
3614231 141
3942167 141
3933719 146
2623255 146
2950935 146
3606551 146
4263191 146
3346199 146
2627351 146
3020567 146
3546647 146
4269079 146
3286551 146
3614487 146
3278359 156
2951191 156
3607831 156
2690839 156
2365207 156
2891287 156
3613719 156
2631191 156
2959127 156
7407645 14
8063005 14
8718365 14
5377821 14
2757405 14
2364445 14
4723741 14
6755869 14
7018269 14
7345949 14
7673629 14
8001309 14
8328989 14
8656669 14
6299165 14
6037277 14
3481629 14
5054493 14
5382429 14
2368541 14
4334877 14
8005149 14
8332829 14
4007709 14
7350045 14
8661277 14
7744541 14
3026461 14
3616285 14
4402717 14
5713437 14
6696477 14
2371613 14
6303773 14
8335901 14
6622494 110
3608350 110
5705502 110
2365214 110
3020574 110
4986654 110
5379870 110
5905950 110
4333342 110
6628382 110
5645854 110
5973790 110
2369822 110
3942686 110
4926750 110
3026462 110
6237726 110
5320478 110
4984607 20
2364191 20
4330527 20
6362655 20
6625055 20
6952735 20
7280415 20
7608095 20
7935775 20
8263455 20
8918815 20
5905951 20
5644063 20
3088415 20
4661279 20
4989215 20
3941663 20
7611935 20
7939615 20
3614495 20
6956831 20
8268063 20
7351327 20
2633247 20
3223071 20
4009503 20
5320223 20
6303263 20
8924703 20
5910559 20
7942687 20
3552287 20
6884639 106
3870495 106
5967647 106
2627359 106
3282719 106
5248799 106
5642015 106
6168095 106
4595487 106
6890527 106
5907999 106
6235935 106
2631967 106
4204831 106
5188895 106
3288607 106
6499871 106
5582623 106
6295328 0
3674912 0
3281952 0
5641248 0
7673376 0
7935776 0
8263456 0
8591136 0
8918816 0
7216672 0
6954784 0
4399136 0
5972000 0
6299936 0
3286048 0
5252384 0
8922656 0
4925216 0
8267552 0
2632736 0
8662048 0
3943968 0
4533792 0
5320224 0
6630944 0
7613984 0
3289120 0
7221280 0
4863008 0
6426400 67
8523552 67
3282464 67
3544864 67
3872544 67
4200224 67
4527904 67
4855584 67
5183264 67
5838624 67
7804704 67
8197920 67
2825760 67
8724000 67
2563872 67
7151392 67
4531744 67
4859424 67
8463904 67
3876640 67
8791840 67
5187872 67
6760736 67
4271136 67
7744800 67
3223072 67
5844512 67
8138528 67
2830368 67
4862496 67
5518624 67
7867680 91
4853536 91
6950688 91
2627360 91
2955040 91
3282720 91
3610400 91
4265760 91
6231840 91
6625056 91
7151136 91
5578528 91
7873568 91
2958880 91
3286560 91
6891040 91
7218976 91
3615008 91
5187872 91
2698272 91
6171936 91
4271648 91
7482912 91
6565664 91
3289632 91
3945760 91
7540001 96
4525857 96
6623009 96
2627361 96
2955041 96
3282721 96
3938081 96
5904161 96
6297377 96
6823457 96
5250849 96
7545889 96
2631201 96
2958881 96
6563361 96
6891297 96
3287329 96
4860193 96
2370593 96
5844257 96
3943969 96
7155233 96
6237985 96
2961953 96
3618081 96
3018532 50
7540516 50
2364452 50
4396580 50
4658980 50
4986660 50
5314340 50
5642020 50
5969700 50
6297380 50
6952740 50
8918820 50
3939876 50
3677988 50
8265508 50
2695204 50
3023140 50
5645860 50
5973540 50
4990756 50
6301988 50
7874852 50
5385252 50
8858916 50
3354148 50
4337188 50
6958628 50
3944484 50
5976612 50
6632740 50
4798244 50
5322788 50
2430501 80
2692901 80
3020581 80
3348261 80
3675941 80
4003621 80
4331301 80
4986661 80
6952741 80
7345957 80
7872037 80
6299429 80
8594469 80
3679781 80
4007461 80
7611941 80
3024677 80
7939877 80
4335909 80
5908773 80
3419173 80
6892837 80
2371109 80
4992549 80
8203813 80
7286565 80
4010533 80
4666661 80
2832165 80
7943973 80
3356709 80
3282726 136
3675942 136
4202022 136
2629414 136
4924454 136
3941926 136
4269862 136
3222822 136
4533798 136
3616550 136
4273958 136
2955046 141
3348262 141
3874342 141
4596774 141
3614246 141
3942182 141
2895142 141
4206118 141
3288870 141
3946278 141
2758183 75
3020583 75
3348263 75
3675943 75
4003623 75
4331303 75
4658983 75
5314343 75
7280423 75
7673639 75
8199719 75
6627111 75
8922151 75
4007463 75
4335143 75
7939623 75
3352359 75
8267559 75
4663591 75
6236455 75
3746855 75
7220519 75
2698791 75
5320231 75
8531495 75
7614247 75
4338215 75
4994343 75
3159847 75
8271655 75
3684391 75
4537383 75
3938087 126
4331303 126
4857383 126
3284775 126
5579815 126
4597287 126
4925223 126
2894119 126
3878183 126
5189159 126
4271911 126
4929319 126
2627369 146
3020585 146
3546665 146
4269097 146
3286569 146
3614505 146
2567465 146
3878441 146
2961193 146
3618601 146
2440489 146
3161385 146
2696233 170
5314348 40
5642028 40
5969708 40
6297388 40
6625068 40
6952748 40
7608108 40
4595244 40
4333356 40
8920876 40
3350572 40
3678508 40
2630956 40
6301228 40
6628908 40
5646124 40
6957356 40
8530220 40
6040620 40
2698796 40
4009516 40
4992556 40
7613996 40
4599852 40
6631980 40
7288108 40
5453612 40
5978156 40
6831148 40
4603180 40
7617836 40
2899500 40
3227180 40
8076844 40
8601132 40
3544876 132
3938092 132
4464172 132
2891564 132
5186604 132
4204076 132
4532012 132
2500908 132
3484972 132
4795948 132
3878700 132
4536108 132
3095852 132
3357996 132
4078892 132
2571820 132
6561325 10
6299437 10
3743789 10
5316653 10
5644589 10
2630701 10
4597037 10
8267309 10
8594989 10
4269869 10
7612205 10
8923437 10
8006701 10
3288621 10
3878445 10
4664877 10
5975597 10
6958637 10
2633773 10
6565933 10
8598061 10
4207661 10
7419693 10
7944237 10
8797229 10
3816749 10
6569261 10
2965037 10
4865581 10
5193261 10
4604461 10
7151150 1
6889262 1
4333614 1
5906478 1
6234414 1
3220526 1
5186862 1
8857134 1
4859694 1
8202030 1
2567214 1
8596526 1
3878446 1
4468270 1
5254702 1
6565422 1
7548462 1
3223598 1
7155758 1
4797486 1
8009518 1
8534062 1
4406574 1
7159086 1
3554862 1
5455406 1
5783086 1
5194286 1
6243118 1
6233646 15
5971758 15
3416110 15
4988974 15
5316910 15
4269358 15
7939630 15
8267310 15
3942190 15
7284526 15
8595758 15
7679022 15
2960942 15
3550766 15
4337198 15
5647918 15
6630958 15
6238254 15
8270382 15
3879982 15
8926510 15
7092014 15
7616558 15
8469550 15
3489070 15
6241582 15
2637358 15
4537902 15
4865582 15
4276782 15
5325614 15
3284526 60
3022638 60
7610158 60
2367790 60
4990510 60
5318190 60
8922670 60
4335406 60
5646638 60
7219502 60
4729902 60
8203566 60
2698798 60
3681838 60
6303278 60
8597294 60
3289134 60
5321262 60
5977390 60
4142894 60
4667438 60
5520430 60
3292462 60
6307118 60
7814446 60
8076590 60
8797486 60
6766126 60
7290414 60
2376494 60
2694702 69
8592942 69
2432814 69
7020334 69
4400686 69
4728366 69
8332846 69
3745582 69
8660782 69
5056814 69
6629678 69
4140078 69
7613742 69
3092014 69
5713454 69
8924718 69
8007470 69
2699310 69
4731438 69
5387566 69
3553070 69
8664878 69
4077614 69
4930606 69
2702638 69
5717294 69
7224622 69
7486766 69
8207662 69
6176302 69
6700590 69
7806510 81
6233902 81
8528942 81
3614254 81
3941934 81
7546414 81
2959150 81
7874350 81
4270382 81
5843246 81
3353646 81
6827310 81
4927022 81
8138286 81
7221038 81
3945006 81
4601134 81
2766638 81
7878446 81
3291182 81
4144174 81
4930862 81
6438190 81
6700334 81
7421230 81
5389870 81
5914158 81
6495790 101
4923182 101
7218222 101
2631214 101
6235694 101
6563630 101
2959662 101
4532526 101
5516590 101
3616302 101
6827566 101
5910318 101
2634286 101
3290414 101
6567726 101
2833454 101
3620142 101
5127470 101
5389614 101
6110510 101
4079150 101
4603438 101
5512750 116
3940142 116
6235182 116
5252654 116
5580590 116
3549486 116
4533550 116
2633262 116
5844526 116
4927278 116
5584686 116
2637102 116
4144430 116
4406574 116
5127470 116
3096110 116
3620398 116
2891310 156
3613742 156
2631214 156
2959150 156
3223086 156
2963246 156
2506030 156
5381679 28
5119791 28
2564143 28
4137007 28
4464943 28
3417391 28
7087663 28
7415343 28
3090223 28
6432559 28
7743791 28
6827055 28
2698799 28
3485231 28
4795951 28
5778991 28
8400431 28
5386287 28
7418415 28
3028015 28
8074543 28
6240047 28
6764591 28
7617583 28
2637103 28
5389615 28
8404271 28
3685935 28
4013615 28
8863279 28
3424815 28
4473647 28
5905968 20
5644080 20
3088432 20
4661296 20
4989232 20
3941680 20
7611952 20
7939632 20
3614512 20
6956848 20
8268080 20
7351344 20
2633264 20
3223088 20
4009520 20
5320240 20
6303280 20
8924720 20
5910576 20
7942704 20
3552304 20
8598832 20
6764336 20
7288880 20
8141872 20
3161392 20
5913904 20
8928560 20
4210224 20
4537904 20
3949104 20
4997936 20
8602928 20
4922928 35
4661040 35
3678256 35
4006192 35
2958640 35
6628912 35
6956592 35
2631472 35
5973808 35
7285040 35
8857904 35
6368304 35
3026480 35
4337200 35
5320240 35
7941680 35
4927536 35
6959664 35
2569264 35
7615792 35
5781296 35
6305840 35
7158832 35
4930864 35
7945520 35
3227184 35
3554864 35
8404528 35
8928816 35
2966064 35
4014896 35
7619888 35
3939888 50
3678000 50
8265520 50
2695216 50
3023152 50
5645872 50
5973552 50
4990768 50
6302000 50
7874864 50
5385264 50
8858928 50
3354160 50
4337200 50
6958640 50
3944496 50
5976624 50
6632752 50
4798256 50
5322800 50
6175792 50
3947824 50
6962480 50
8469808 50
8731952 50
2571824 50
7421488 50
7945776 50
3031856 50
6636848 50
5905968 110
4333360 110
6628400 110
5645872 110
5973808 110
2369840 110
3942704 110
4926768 110
3026480 110
6237744 110
5320496 110
2700592 110
5977904 110
3030320 110
4537648 110
4799792 110
5520688 110
3489328 110
4013616 110
2704688 110
3874354 141
4596786 141
3614258 141
3942194 141
2895154 141
4206130 141
3288882 141
3946290 141
2506034 141
2768178 141
3489074 141
6692660 74
4073012 74
4400692 74
8005172 74
3417908 74
8333108 74
4729140 74
6302004 74
3812404 74
7286068 74
2764340 74
5385780 74
8597044 74
7679796 74
2371636 74
4403764 74
5059892 74
3225396 74
8337204 74
3749940 74
4602932 74
2374964 74
5389620 74
6896948 74
7159092 74
7879988 74
5848628 74
6372916 74
5063988 74
3941429 151
2958901 151
3286837 151
3550773 151
2633525 151
3290933 151
2833717 151
5776439 123
4793911 123
5121847 123
3090743 123
4074807 123
5385783 123
4468535 123
5125943 123
3685687 123
3947831 123
4668727 123
2637367 123
3161655 123
5524279 123
5252152 131
4269624 131
4597560 131
2566456 131
3550520 131
4861496 131
3944248 131
4601656 131
3161400 131
3423544 131
4144440 131
2637368 131
4999992 131
2837816 131
3745596 144
2698556 144
4009532 144
3092284 144
3749692 144
2571580 144
3292476 144
4148028 144
2707260 144
8268093 20
7351357 20
2633277 20
3223101 20
4009533 20
5320253 20
6303293 20
8924733 20
5910589 20
7942717 20
3552317 20
8598845 20
6764349 20
7288893 20
8141885 20
3161405 20
5913917 20
8928573 20
4210237 20
4537917 20
3949117 20
4997949 20
8602941 20
2770493 20
3493181 20
3820861 20
4607549 20
7032381 20
8081725 20
5067325 20
8671805 20
7809341 27
6892605 27
2764349 27
3550781 27
4861501 27
5844541 27
8465981 27
5451837 27
7483965 27
3093565 27
8140093 27
6305597 27
6830141 27
7683133 27
2702653 27
5455165 27
8469821 27
3751485 27
4079165 27
8928829 27
3490365 27
4539197 27
8144189 27
3034429 27
3362109 27
4148797 27
6573629 27
7622973 27
4608573 27
8213053 27
8540733 27
7481661 32
6564925 32
2436669 32
3223101 32
4533821 32
5516861 32
8138301 32
5124157 32
7156285 32
2765885 32
7812413 32
5977917 32
6502461 32
7355453 32
2374973 32
5127485 32
8142141 32
3423805 32
3751485 32
8601149 32
3162685 32
4211517 32
7816509 32
2706749 32
3034429 32
3821117 32
6245949 32
7295293 32
4280893 32
7885373 32
8213053 32
8671805 32
5122365 68
6695229 68
4205629 68
7679293 68
3157565 68
5779005 68
8073021 68
2764861 68
4796989 68
5453117 68
3618621 68
8730429 68
4143165 68
4996157 68
2768189 68
5782845 68
7290173 68
7552317 68
8273213 68
6241853 68
6766141 68
5457213 68
6966589 68
3886653 68
7687997 68
4935997 68
5526077 68
5853757 68
6312509 68
6640189 68
2369853 110
3942717 110
4926781 110
3026493 110
6237757 110
5320509 110
2700605 110
5977917 110
3030333 110
4537661 110
4799805 110
5520701 110
3489341 110
4013629 110
2704701 110
6376253 110
4214077 110
4935485 110
2773565 110
3101245 110
3559997 110
3887677 110
3223101 156
2963261 156
2506045 156
3361597 156
5974334 55
7547198 55
5057598 55
8531262 55
3026494 55
4009534 55
6630974 55
8924990 55
3616830 55
5648958 55
6305086 55
4470590 55
4995134 55
5848126 55
3620158 55
6634814 55
8142142 55
8404286 55
7093822 55
7618110 55
2704190 55
6309182 55
7818558 55
4738622 55
8539966 55
5787966 55
2773566 55
6378046 55
6705726 55
7164478 55
7492158 55
4073790 84
5646654 84
3157054 84
6630718 84
4730430 84
7941694 84
7024446 84
3748414 84
4404542 84
2570046 84
7681854 84
3094590 84
3947582 84
4734270 84
6241598 84
6503742 84
7224638 84
5193278 84
5717566 84
4408638 84
8080190 84
5918014 84
2838078 84
6639422 84
3887422 84
4477502 84
4805182 84
5263934 84
5591614 84
3746110 89
5318974 89
2829374 89
6303038 89
4402750 89
7614014 89
6696766 89
3420734 89
4076862 89
7354174 89
2766910 89
3619902 89
4406590 89
5913918 89
6176062 89
6896958 89
4865598 89
5389886 89
4080958 89
7752510 89
5590334 89
2510398 89
6311742 89
3559742 89
4149822 89
4477502 89
4936254 89
5263934 89
2764350 163
2504510 163
2902846 163
2378558 171
3944002 0
4533826 0
5320258 0
6630978 0
7614018 0
3289154 0
7221314 0
4863042 0
8075074 0
8599618 0
4472130 0
7224642 0
3620418 0
5520962 0
5848642 0
5259842 0
6308674 0
4081218 0
2705986 0
3099714 0
4803906 0
5131586 0
5918274 0
8343106 0
6378050 0
6892866 80
2371138 80
4992578 80
8203842 80
7286594 80
4010562 80
4666690 80
2832194 80
7944002 80
3356738 80
4209730 80
4996418 80
6503746 80
6765890 80
7486786 80
5455426 80
5979714 80
4670786 80
8342338 80
6180162 80
3100226 80
6901570 80
4149570 80
4739650 80
5067330 80
5526082 80
5853762 80
3944003 96
7155267 96
6238019 96
2961987 96
3618115 96
6895427 96
3161155 96
3947843 96
5455171 96
5717315 96
6438211 96
4406851 96
4931139 96
3622211 96
7293763 96
5131587 96
5852995 96
3100995 96
3691075 96
4018755 96
4477507 96
4805187 96
3290949 151
2833733 151
3689285 151
4600902 4
7812934 4
8337478 4
4209990 4
6962502 4
3358278 4
5258822 4
5586502 4
4997702 4
6046534 4
3819078 4
2443846 4
2837574 4
4541766 4
4869446 4
5656134 4
8080966 4
6115910 4
7297350 4
8729158 8
4338758 8
7550790 8
8075334 8
8928326 8
3947846 8
6700358 8
3096134 8
4996678 8
5324358 8
4735558 8
5784390 8
3556934 8
2575430 8
4279622 8
4607302 8
5393990 8
7818822 8
8868166 8
5853766 8
7035206 8
5190214 62
5846342 62
4011846 62
4536390 62
5389382 62
3161414 62
6176070 62
7683398 62
7945542 62
8666438 62
6635078 62
7159366 62
5850438 62
7359814 62
4279878 62
8081222 62
5329222 62
5919302 62
6246982 62
6705734 62
7033414 62
3496262 62
7222602 41
5388106 41
5912650 41
6765642 41
4537674 41
7552330 41
2833994 41
3161674 41
8011338 41
8535626 41
2572874 41
3621706 41
7226698 41
2444618 41
8736074 41
3231306 41
5656138 41
6705482 41
3691082 41
7295562 41
7623242 41
8081994 41
8409674 41
4872522 41
3234890 41
4349002 41
5987402 41
6970442 41
8739914 41
2645322 41
4021578 41
7822666 41
5201738 41
4994892 47
5519436 47
6372428 47
4144460 47
7159116 47
8666444 47
8928588 47
2440780 47
2768460 47
7618124 47
8142412 47
3228492 47
6833484 47
8342860 47
2838092 47
5262924 47
6312268 47
3297868 47
6902348 47
7230028 47
7688780 47
8016460 47
4479308 47
2841676 47
3955788 47
5594188 47
6577228 47
8346700 47
8936524 47
3628364 47
7429452 47
4808524 47
3301452 47
5267532 47
7954508 47
3815501 73
4668493 73
2440525 73
5455181 73
6962509 73
7224653 73
7945549 73
5914189 73
6438477 73
5129549 73
8801101 73
6638925 73
3558989 73
7360333 73
4608333 73
5198413 73
5526093 73
5984845 73
6312525 73
2775373 73
3890253 73
4873293 73
6642765 73
7232589 73
7953485 73
8412237 73
8805453 73
5725517 73
3104589 73
3563597 73
6250573 73
3487821 78
4340813 78
5127501 78
6634829 78
6896973 78
7617869 78
5586509 78
6110797 78
4801869 78
8473421 78
6311245 78
3231309 78
7032653 78
4280653 78
4870733 78
5198413 78
5657165 78
5984845 78
2447693 78
3562573 78
4545613 78
6315085 78
6904909 78
7625805 78
8084557 78
8477773 78
5397837 78
2776909 78
3235917 78
5922893 78
3554382 90
4341070 90
5848398 90
6110542 90
6831438 90
4800078 90
5324366 90
4015438 90
7686990 90
5524814 90
2444878 90
6246222 90
3494222 90
4084302 90
4411982 90
4870734 90
5198414 90
2776142 90
3759182 90
5528654 90
6118478 90
6839374 90
7298126 90
7691342 90
4611406 90
2449486 90
5136462 90
3423566 127
3685710 127
4406606 127
2375246 127
2899534 127
5262158 127
3099982 127
3821390 127
2445902 127
2773582 127
3103822 127
3693646 127
4414542 127
4873294 127
5266510 127
2711630 127
8010831 22
3030351 22
5782863 22
8797519 22
4079183 22
4406863 22
3818063 22
4866895 22
8471887 22
2639439 22
3362127 22
3689807 22
4476495 22
6901327 22
7950671 22
4936271 22
8540751 22
8868431 22
6117711 22
4480079 22
5594191 22
7232591 22
8215631 22
3890511 22
5266767 22
6446927 22
4939855 22
6905935 22
2374993 143
2637137 143
3358033 143
4213585 143
2772817 143
2645073 143
3365969 143
3824721 143
4217937 143
3882322 97
5389650 97
5651794 97
6372690 97
4341330 97
4865618 97
3556690 97
7228242 97
5066066 97
5787474 97
3035474 97
3625554 97
3953234 97
4411986 97
4739666 97
3300434 97
5069906 97
5659730 97
6380626 97
6839378 97
7232594 97
4152658 97
4677714 97
2844498 97
2768210 152
3623762 152
2776146 152
3234898 152
3628114 152
2440530 157
3296082 157
2448466 157
2907218 157
3300434 157
2837330 164
2448466 164
2841682 164
2509650 169
2514002 169
2377049 115
6048601 115
3886425 115
4607833 115
2445913 115
2773593 115
3232345 115
3560025 115
3890265 115
4480089 115
5200985 115
5659737 115
6052953 115
2973017 115
3498073 115
4025433 115
2518361 115
3173721 115
3501401 115
6057305 115
6319449 115
5729881 115
2967131 17
3689819 17
4017499 17
4804187 17
7229019 17
8278363 17
5263963 17
8868443 17
6445403 17
4807771 17
5921883 17
7560283 17
8543323 17
2579803 17
4218203 17
5594459 17
6774619 17
5267547 17
7233627 17
3630939 17
8087387 17
2844763 17
5794907 17
6778203 17
7433563 17
8678747 17
8940891 17
7040603 17
8351579 17
3099996 26
3427676 26
4214364 26
6639196 26
7688540 26
4674140 26
8278620 26
8606300 26
5855580 26
4217948 26
5332060 26
6970460 26
7953500 26
3628380 26
5004636 26
8805724 26
6184796 26
4677724 26
6643804 26
3041116 26
7497564 26
5205084 26
6188380 26
6843740 26
8088924 26
8351068 26
6450780 26
7761756 26
2706780 32
3034460 32
3821148 32
6245980 32
7295324 32
4280924 32
7885404 32
8213084 32
8671836 32
5462364 32
3824732 32
4938844 32
6577244 32
7560284 32
3235164 32
4611420 32
8412508 32
5791580 32
4284508 32
6250588 32
8937564 32
2647900 32
7104348 32
4811868 32
5795164 32
6450524 32
7695708 32
7957852 32
8613212 32
8940892 32
6057564 32
7368540 32
2379100 42
8670556 42
3165788 42
5590620 42
6639964 42
3625564 42
7230044 42
7557724 42
8016476 42
8344156 42
4807004 42
3169372 42
4283484 42
5921884 42
6904924 42
8674396 42
2579804 42
3956060 42
7757148 42
5136220 42
3629148 42
5595228 42
8282204 42
6448988 42
4156508 42
8809564 42
5139804 42
5795164 42
7040348 42
7302492 42
7957852 42
8285532 42
5402204 42
6713180 42
7687004 90
5524828 90
2444892 90
6246236 90
3494236 90
4084316 90
4411996 90
4870748 90
5198428 90
2776156 90
3759196 90
5528668 90
6118492 90
6839388 90
7298140 90
7691356 90
4611420 90
2449500 90
5136476 90
3303260 90
5663836 90
2649436 90
3894620 90
4156764 90
4812124 90
5139804 90
7695708 90
7957852 90
7368284 90
3567452 90
6572892 107
4410716 107
5132124 107
2380124 107
2970204 107
3297884 107
3756636 107
4084316 107
2645084 107
4414556 107
5004380 107
5725276 107
6184028 107
6577244 107
3497308 107
4022364 107
4549724 107
2780508 107
3042652 107
3698012 107
4025692 107
6581596 107
6843740 107
6254172 107
2453340 107
4934492 132
2772316 132
3493724 132
2445916 132
2776156 132
3365980 132
4086876 132
4545628 132
4938844 132
2383964 132
2911324 132
2387292 132
4943196 132
5205340 132
4615772 132
3951452 147
2510684 147
2382940 147
3103836 147
3562588 147
3955804 147
3960156 147
4222300 147
3632732 147
2452828 174
7753053 56
4673117 56
8474461 56
5722461 56
2708061 56
6312541 56
6640221 56
7098973 56
7426653 56
3889501 56
3365981 56
5004381 56
5987421 56
7756893 56
8346717 56
3038557 56
6839645 56
4218717 56
2711645 56
4677725 56
7364701 56
5531485 56
3239005 56
7892061 56
4222301 56
4877661 56
6122845 56
6384989 56
7040349 56
7368029 56
4484701 56
5795677 56
8276829 81
6114653 81
3034717 81
6836061 81
4084061 81
4674141 81
5001821 81
5460573 81
5788253 81
3365981 81
4349021 81
6118493 81
6708317 81
7429213 81
7887965 81
8281181 81
5201245 81
2580317 81
3039325 81
5726301 81
3893085 81
6253661 81
2583901 81
3239261 81
4484445 81
4746589 81
5401949 81
5729629 81
8285533 81
8547677 81
2846301 81
7958109 81
4157277 81
6900573 102
4738397 102
5459805 102
2707805 102
3297885 102
3625565 102
4084317 102
4411997 102
2972765 102
4742237 102
5332061 102
6052957 102
6511709 102
6904925 102
3824989 102
4350045 102
2516829 102
4877405 102
3108189 102
3370333 102
4025693 102
4353373 102
6909277 102
7171421 102
6581853 102
2781021 102
3099485 160
2710621 160
3103837 160
3108189 160
3370333 160
2780765 160
2574942 2
2968670 2
4672862 2
5000542 2
5787230 2
8212062 2
6247006 2
7428446 2
2645086 2
5790814 2
6904926 2
8543326 2
3562846 2
5201246 2
6577502 2
7757662 2
6250590 2
8216670 2
4613982 2
3827806 2
6777950 2
7761246 2
8416606 2
8023646 2
2715742 2
4813662 2
2444382 10
4148574 10
4476254 10
5262942 10
7687774 10
8737118 10
5722718 10
6904158 10
5266526 10
6380638 10
8019038 10
3038558 10
4676958 10
6053214 10
7233374 10
5726302 10
7692382 10
4089694 10
8546142 10
3303518 10
6253662 10
7236958 10
7892318 10
7499358 10
8810334 10
4289374 10
5720927 120
3558751 120
4280159 120
2445919 120
2904671 120
3232351 120
3562591 120
4152415 120
4873311 120
5332063 120
5725279 120
2645343 120
3170399 120
3697759 120
2846047 120
3173727 120
5729631 120
5991775 120
5402207 120
7228256 97
5066080 97
5787488 97
3035488 97
3625568 97
3953248 97
4412000 97
4739680 97
3300448 97
5069920 97
5659744 97
6380640 97
6839392 97
7232608 97
4152672 97
4677728 97
2844512 97
5205088 97
3435872 97
3698016 97
4353376 97
4681056 97
7236960 97
7499104 97
6909536 97
3108704 97
5262176 127
3100000 127
3821408 127
2445920 127
2773600 127
3103840 127
3693664 127
4414560 127
4873312 127
5266528 127
2711648 127
3239008 127
2387296 127
2714976 127
5270880 127
5533024 127
4943456 127
2575200 168
2579552 168
2583904 168
2846048 168
5263975 72
5591655 72
6050407 72
6378087 72
2840935 72
3955815 72
4938855 72
6708327 72
7298151 72
8019047 72
8477799 72
8871015 72
5791079 72
3170151 72
3629159 72
6316135 72
4482919 72
6843495 72
3173735 72
3829095 72
5074279 72
5336423 72
5991783 72
6319463 72
8875367 72
3436135 72
8547943 72
4747111 72
2914407 72
5274215 72
5601895 72
8026727 72
2521959 72
3177319 72
3570535 72
4160359 72
6191975 72
8682343 72
4750439 72
7371879 72
2841703 140
3562599 140
4021351 140
4414567 140
2387047 140
4418919 140
4681063 140
4091495 140
3570279 140
4225895 140
2915431 140
3627368 60
3103848 60
4742248 60
5725288 60
7494760 60
8084584 60
8805480 60
2776424 60
6577512 60
3956584 60
2449512 60
4415592 60
7102568 60
5269352 60
2976872 60
7629928 60
3960168 60
4615528 60
5860712 60
6122856 60
6778216 60
7105896 60
4222568 60
5533544 60
3700840 60
6060648 60
6388328 60
8813160 60
3308392 60
3963752 60
4356968 60
4946792 60
6978408 60
5536872 60
8158312 60
2456936 60
7166314 6
2382954 6
5528682 6
6642794 6
8281194 6
3300714 6
4939114 6
6315370 6
7495530 6
5988458 6
7954538 6
4351850 6
8808298 6
3565674 6
6515818 6
7499114 6
8154474 6
7761514 6
2453610 6
4551530 6
7239786 6
5011818 6
4029290 6
6847338 6
7502698 6
7895914 6
8485738 6
3308650 6
5995882 6
2915946 6
5658987 29
4021355 29
5135467 29
6773867 29
7756907 29
3431787 29
4808043 29
8609131 29
5988203 29
4481131 29
6447211 29
2844523 29
7300971 29
5008491 29
5991787 29
6647147 29
7892331 29
8154475 29
8809835 29
6254187 29
7565163 29
3044203 29
5732459 29
3504491 29
8092267 29
8419947 29
2521963 29
5340011 29
5995371 29
6388587 29
6978411 29
7568491 29
4488555 29
2850923 29
7307371 29
2776172 105
4545644 105
5135468 105
5856364 105
6315116 105
6708332 105
3628396 105
4153452 105
4680812 105
2911596 105
3173740 105
3829100 105
4156780 105
6712684 105
6974828 105
6385260 105
2584428 105
3111532 105
3439212 105
5864044 105
4029292 105
6519660 105
2587756 105
5209196 105
4751212 105
3562605 120
4152429 120
4873325 120
5332077 120
5725293 120
2645357 120
3170413 120
3697773 120
2846061 120
3173741 120
5729645 120
5991789 120
5402221 120
2456173 120
4881005 120
3046253 120
5536621 120
4226157 120
3768173 120
2907245 130
3497069 130
4217965 130
4676717 130
5069933 130
2515053 130
3042413 130
2518381 130
5074285 130
5336429 130
4746861 130
4225645 130
2390893 130
4881261 130
3570797 130
3112813 130
2972781 149
3431533 149
3824749 149
3829101 149
4091245 149
3501677 149
2980461 149
3636077 149
2710637 153
3169389 153
3562605 153
3566957 153
3829101 153
3239533 153
2718317 153
3373933 153
2514029 163
2907245 163
2911597 163
3173741 163
2584173 163
2718573 163
2579565 168
2583917 168
2846061 168
2390893 168
6445422 17
4807790 17
5921902 17
7560302 17
8543342 17
2579822 17
4218222 17
5594478 17
6774638 17
5267566 17
7233646 17
3630958 17
8087406 17
2844782 17
5794926 17
6778222 17
7433582 17
8678766 17
8940910 17
7040622 17
8351598 17
3830638 17
6518894 17
4290926 17
8878702 17
3308398 17
6126446 17
6781806 17
7175022 17
7764846 17
2587758 17
8354926 17
5274990 17
3637358 17
8093806 17
3300462 124
3890286 124
4611182 124
5069934 124
5463150 124
2383214 124
2908270 124
3435630 124
2583918 124
2911598 124
5467502 124
5729646 124
5140078 124
4618862 124
2784110 124
5274478 124
3964014 124
3506030 124
2579567 144
3300463 144
3759215 144
4152431 144
4156783 144
4418927 144
3829359 144
3308143 144
3963759 144
2653295 144
3103856 43
4217968 43
5856368 43
6839408 43
8608880 43
2514288 43
3890544 43
7691632 43
5070704 43
3563632 43
5529712 43
8216688 43
6383472 43
4090992 43
8744048 43
5074288 43
5729648 43
6974832 43
7236976 43
7892336 43
8220016 43
5336688 43
6647664 43
4814960 43
2586992 43
7174768 43
7502448 43
4422512 43
5077872 43
5471088 43
6060912 43
8092528 43
6650992 43
3571056 43
8814448 43
6389872 43
2973555 75
3432563 75
6119539 75
4286323 75
6646899 75
2977139 75
3632499 75
4877683 75
5139827 75
5795187 75
6122867 75
8678771 75
8940915 75
3239539 75
8351347 75
4550515 75
2717811 75
5077619 75
5405299 75
7830131 75
2980723 75
3373939 75
3963763 75
5995379 75
8485747 75
4553843 75
7175283 75
6717299 75
4292723 75
5726325 10
7692405 10
4089717 10
8546165 10
3303541 10
6253685 10
7236981 10
7892341 10
7499381 10
8810357 10
4289397 10
6977653 10
4749685 10
3767157 10
6585205 10
7240565 10
7633781 10
8223605 10
3046517 10
8813685 10
5733749 10
2653813 10
4096117 10
8552565 10
3959928 116
2452856 116
3108216 116
3435896 116
5991800 116
6253944 116
5664376 116
2390648 116
2718328 116
5143160 116
3308408 116
5798776 116
4488312 116
4030328 116
3762041 15
8218489 15
2975865 15
5926009 15
6909305 15
7564665 15
8809849 15
7171705 15
8482681 15
3961721 15
6649977 15
4422009 15
3439481 15
6257529 15
6912889 15
7306105 15
7895929 15
2718841 15
8486009 15
5406073 15
3768441 15
8224889 15
3041145 26
7497593 26
5205113 26
6188409 26
6843769 26
8088953 26
8351097 26
6450809 26
7761785 26
3240825 26
5929081 26
3701113 26
8288889 26
8616569 26
2718585 26
5536633 26
6191993 26
6585209 26
7175033 26
7765113 26
4685177 26
3047545 26
7503993 26
3827577 82
6188153 82
2518393 82
3173753 82
4418937 82
4681081 82
5336441 82
5664121 82
8220025 82
8482169 82
2780793 82
7892601 82
4091769 82
4618873 82
4946553 82
7371385 82
2521977 82
2915193 82
3505017 82
5536633 82
8027001 82
4095097 82
6716537 82
6258553 82
3833977 82
3632506 152
3894650 152
3305082 152
2783866 152
3439482 152
3304826 157
3566970 157
2977402 157
2456186 157
3111802 157
2647931 32
7104379 32
4811899 32
5795195 32
6450555 32
7695739 32
7957883 32
8613243 32
8940923 32
6057595 32
7368571 32
2847611 32
5535867 32
3307899 32
7895675 32
8223355 32
5143419 32
5798779 32
6191995 32
6781819 32
8813435 32
7371899 32
4291963 32
2654331 32
7110779 32
4810619 67
2518139 67
7171195 67
3501435 67
4156795 67
5401979 67
5664123 67
6319483 67
6647163 67
3763835 67
8875643 67
5074811 67
3242107 67
5601915 67
5929595 67
8354427 67
2849659 67
3505019 67
3898235 67
4488059 67
6519675 67
5078139 67
7699579 67
7241595 67
4817019 67
4353147 110
2583931 110
2846075 110
3501435 110
3829115 110
6385019 110
6647163 110
6057595 110
2783867 110
3111547 110
5536379 110
3701627 110
6191995 110
4881531 110
4423547 110
3697787 120
2846075 120
3173755 120
5729659 120
5991803 120
5402235 120
2456187 120
4881019 120
3046267 120
5536635 120
4226171 120
3768187 120
3304571 126
2452859 126
2780539 126
5336443 126
5598587 126
5009019 126
4487803 126
2653051 126
5143419 126
3832955 126
3374971 126
2714747 135
4746619 135
5008763 135
4419195 135
3897979 135
4553595 135
3243131 135
2785147 135
2715003 166
2977147 166
2387579 166
2521979 166
5531516 56
3239036 56
7892092 56
4222332 56
4877692 56
6122876 56
6385020 56
7040380 56
7368060 56
4484732 56
5795708 56
3963004 56
6322812 56
6650492 56
3570556 56
4225916 56
4619132 56
5208956 56
7240572 56
5799036 56
8420476 56
2719100 56
7962492 56
5537916 56
4156796 144
4418940 144
3829372 144
3308156 144
3963772 144
2653308 144
3827837 2
6777981 2
7761277 2
8416637 2
8023677 2
2715773 2
4813693 2
7501949 2
5273981 2
4291453 2
7109501 2
7764861 2
8158077 2
8747901 2
3570813 2
6258045 2
3178109 2
4620413 2
5205117 97
3435901 97
3698045 97
4353405 97
4681085 97
7236989 97
7499133 97
6909565 97
3108733 97
3635837 97
3963517 97
6388349 97
2521981 97
4553597 97
7043965 97
3112061 97
5733501 97
5275517 97
2850941 97
3632254 50
8285310 50
4615550 50
5270910 50
6516094 50
6778238 50
7433598 50
7761278 50
4877950 50
6188926 50
4356222 50
6716030 50
7043710 50
3963774 50
4619134 50
5012350 50
5602174 50
7633790 50
6192254 50
8813694 50
3112318 50
8355710 50
5931134 50
6843520 72
3173760 72
3829120 72
5074304 72
5336448 72
5991808 72
6319488 72
8875392 72
3436160 72
8547968 72
4747136 72
2914432 72
5274240 72
5601920 72
8026752 72
2521984 72
3177344 72
3570560 72
4160384 72
6192000 72
8682368 72
4750464 72
7371904 72
6913920 72
4489344 72
2387072 140
4418944 140
4681088 140
4091520 140
3570304 140
4225920 140
2915456 140
2457472 140